start
1396305427080288574
1396305427094331840
1396305427106351283
1396305427118491382
1396305427131161144
1396305427142968084
1396305427154541640
1396305427168727359
1396305427181082428
1396305427195162974
1396305427208754727
1396305427222823996
1396305427236748881
1396305427250453247
1396305427263200124
1396305427276467133
1396305427289671915
1396305427303277964
1396305427319167973
1396305427332984429
1396305427347014275
1396305427360610578
1396305427375341843
1396305427390505039
1396305427404404461
1396305427418667200
1396305427432434220
1396305427445910069
1396305427459596382
1396305427475158957
1396305427489487760
1396305427505282535
1396305427522612554
1396305427539511190
1396305427553226786
